"Mean(Ann.)" "Std(Ann.)" "Neg" "Pos" "Q10(Ann.)" "Q90(Ann.)" "AvR2" "SdR2" "Q10R2" "Q90R2"
"X_CAPM" 6.06 7.11 11.82 88.18 -0.31 13.02 -0.04 1.36 -1.14 1.39
"X_FF4" 5.94 7.2 13 87 -0.86 12.72 -0.14 2.95 -3.3 3.46
"X_FF5" 6.32 7.08 12.26 87.74 -0.45 13.17 0.46 3.47 -3.22 4.8
"X_FH" 6.12 7.31 11.67 88.33 -0.71 13.18 -0.88 3.61 -5.1 3.78
"X_AMP" 5.93 7.24 12.56 87.44 -0.93 12.68 0.01 2.43 -2.51 2.99
"X_KNS1" 6.5 7.69 13 87 -0.76 13.51 -0.22 3.32 -3.86 3.48
"X_KNS2" 5.72 7.56 14.77 85.23 -1.52 13.23 -0.3 3.57 -4.15 4.37
"X_JKKT" 6.46 8.03 11.82 88.18 -0.91 13.86 0.09 3.98 -4.31 5.14
"X_CP" 6.38 9.05 15.66 84.34 -1.9 14.27 0.15 4.09 -4.18 5.22
